Distribution versus HP

                     0       1       2       3       4       5       6       7       8       9      10      11      12      13      14      15      16      17      18      19      20      21      22      23      24      25      26      27      28      29      30      31      32      33      34      35      36      37      38      39      40
 1 (4-3-3-3):     4737    9206   16002   27373   42353   55833   69755   83327   92999   96380   96261   91855   82221   71611   59314   46618   35498   25614   18146   12036    7552    4762    2725    1513     789     380     179      84      40       8       4       0       0       0       0       0       0       0       0       0       0   1055175
 2 (4-4-3-2):     9070   18207   31631   54669   85158  113223  141005  171433  189020  198174  197296  189188  170246  147157  121647   96434   72708   52274   36268   23936   15261    8998    5213    2830    1518     727     335     165      55      20       7       1       0       0       0       0       0       0       0       0       0   2153874
 3 (4-4-4-1):     1093    2350    4034    7470   11701   15292   19462   24032   26431   27635   27894   26860   23922   20574   16968   13310    9866    6960    4899    3162    1920    1192     617     340     181      80      31      18       5       0       0       0       0       0       0       0       0       0       0       0       0    298299
 4 (5-3-3-2):     6196   12866   21762   39230   60971   81344  102030  124117  136758  143812  143944  137369  123281  106156   87041   69017   51646   36850   25753   16917   10571    6292    3519    1951    1000     476     210      95      29      19       7       0       1       0       0       0       0       0       0       0       0   1551230
 5 (5-4-2-2):     3845    8421   14574   26332   40569   54929   69183   85226   94166   98182   99192   94655   84340   72740   60010   46900   35083   25431   16971   11286    6941    4113    2231    1273     587     317     130      63      18       4       5       0       0       0       0       0       0       0       0       0       0   1057717
 6 (5-4-3-1):     4563   10064   17302   31341   49423   66692   84579  103664  115527  120845  122424  116559  104200   89711   73644   56798   42898   30526   20663   13067    8151    4485    2581    1353     624     298     112      39      22       5       3       0       0       0       0       0       0       0       0       0       0   1292163
 7 (5-4-4-0):      350    1009    1569    2919    4566    6369    7936    9969   11305   11891   12062   11545   10536    8683    7115    5625    4008    2793    1778    1095     669     342     166      78      44       7       3       1       0       0       0       0       0       0       0       0       0       0       0       0       0    124433
 8 (5-5-2-1):      990    2316    4041    7603   11832   16362   20653   25784   28613   30557   30385   29200   26027   22500   18225   13990   10127    7094    4901    2949    1736    1004     577     254     122      61      20      13       3       0       0       0       0       0       0       0       0       0       0       0       0    317939
 9 (5-5-3-0):      243     584    1138    2036    3180    4555    5853    7256    8073    8771    8667    8333    7486    6559    5410    4021    3025    2021    1318     766     470     223     108      52      14       4       1       1       0       0       0       0       0       0       0       0       0       0       0       0       0     90168
10 (6-3-2-2):     1818    4216    7045   13559   20810   28989   37174   45913   50062   53205   53569   51182   45601   39232   32088   24782   18607   13094    9070    5692    3417    1988    1074     567     268     111      60      23       9       2       0       0       0       0       0       0       0       0       0       0       0    563227
11 (6-3-3-1):     1022    2472    4176    8195   12760   17684   22570   28013   31246   33442   33229   31441   28311   24245   19863   14994   11244    7952    5284    3365    2031    1104     596     299     165      56      32      11       0       1       0       0       0       0       0       0       0       0       0       0       0    345803
12 (6-4-2-1):     1291    3410    5511   10957   17463   23858   30853   38237   42835   45593   45658   43373   38751   33393   27121   20682   15142   10670    6980    4384    2629    1410     798     350     162      81      34      12       5       0       0       0       0       0       0       0       0       0       0       0       0    471643
13 (6-4-3-0):      309     844    1525    3059    4789    6504    8650   10814   12168   12974   13128   12462   10985    9637    7717    5795    4259    2922    1824    1144     629     350     182      72      23       5       4       1       0       0       0       0       0       0       0       0       0       0       0       0       0    132775
14 (6-5-1-1):      177     443     753    1553    2494    3366    4635    5695    6409    6979    6942    6757    5763    5037    4074    3075    2277    1518     954     569     350     164      92      44      10      10       1       1       0       0       0       0       0       0       0       0       0       0       0       0       0     70142
15 (6-5-2-0):      141     379     706    1382    2201    3055    4211    5264    6036    6531    6520    6284    5643    4788    3944    2846    2100    1353     915     526     289     140      46      38      11       3       1       0       0       0       0       0       0       0       0       0       0       0       0       0       0     65353
16 (6-6-1-0):       13      41      61     119     254     337     486     620     675     739     732     698     681     574     427     289     241     154      82      51      23       8       3       1       0       0       0       0       0       0       0       0       0       0       0       0       0       0       0       0       0      7309
17 (7-2-2-2):      112     342     524    1093    1736    2674    3447    4214    4657    4935    5047    4705    4250    3729    2941    2228    1591    1078     730     444     276     156      80      43      18       4       2       3       0       0       0       0       0       0       0       0       0       0       0       0       0     51059
18 (7-3-2-1):      364    1145    1950    4065    6453    9335   12367   15718   16990   18553   19310   17656   15795   13232   10860    7960    5891    4081    2537    1608     892     482     247     109      49      14       3       0       1       0       0       0       0       0       0       0       0       0       0       0       0    187667
19 (7-3-3-0):       55     145     245     564     889    1307    1683    2086    2476    2646    2692    2594    2144    1933    1614    1119     813     597     344     188     115      57      26      12       5       1       0       0       0       0       0       0       0       0       0       0       0       0       0       0       0     26350
20 (7-4-1-1):       60     222     399     865    1357    1902    2534    3184    3690    3928    4154    3698    3352    2868    2259    1675    1256     815     540     334     164      90      26      13      10       1       0       1       0       0       0       0       0       0       0       0       0       0       0       0       0     39397
21 (7-4-2-0):       51     207     329     777    1180    1691    2362    3055    3376    3674    3795    3428    3122    2711    2131    1603    1116     769     417     270     152      71      35      11       7       0       0       0       0       0       0       0       0       0       0       0       0       0       0       0       0     36340
22 (7-5-1-0):       17      53      98     179     336     546     687     895    1062    1111    1110    1177     938     796     681     455     324     200     111      59      27      15       3       0       0       0       0       0       0       0       0       0       0       0       0       0       0       0       0       0       0     10880
23 (7-6-0-0):        1       0       5       7      18      25      27      40      46      66      57      39      59      33      41      21      19       8       4       2       0       0       0       0       0       0       0       0       0       0       0       0       0       0       0       0       0       0       0       0       0       518
24 (8-2-2-1):       19      80     132     388     598     933    1277    1693    1806    2035    2118    1839    1618    1405    1171     787     542     428     207     131      64      39      15       6       3       0       0       0       0       0       0       0       0       0       0       0       0       0       0       0       0     19334
25 (8-3-1-1):       15      55      91     223     336     525     816     980    1130    1197    1312    1200    1061     895     710     466     348     206     152      75      38      20       6       6       1       1       0       1       0       0       0       0       0       0       0       0       0       0       0       0       0     11866
26 (8-3-2-0):       11      48      80     194     282     484     716     887     972    1054    1208    1113     949     814     659     427     305     189     121      61      37      10       4       2       0       0       0       0       0       0       0       0       0       0       0       0       0       0       0       0       0     10627
27 (8-4-1-0):        5      13      27      87     118     194     290     380     421     485     504     439     396     324     291     203     152      80      45      14      14       6       0       1       1       0       0       0       0       0       0       0       0       0       0       0       0       0       0       0       0      4490
28 (8-5-0-0):        0       2       3       2      11       7      32      33      37      27      32      29      35      30      17       7      10       8       1       0       0       0       0       0       0       0       0       0       0       0       0       0       0       0       0       0       0       0       0       0       0       323
29 (9-2-1-1):        2       6      11      36      47      61     119     159     150     176     220     196     148     125     114      62      50      37      20       5       4       5       1       1       0       0       0       0       0       0       0       0       0       0       0       0       0       0       0       0       0      1755
30 (9-2-2-0):        2       0       4      14      25      38      66      64      79      82      98      92      86      48      55      30      17      17       5       3       3       0       0       0       0       0       0       0       0       0       0       0       0       0       0       0       0       0       0       0       0       828
31 (9-3-1-0):        0       1       3      19      37      46      65      82      96     119     126     123      93      87      61      38      25      13       8       2       0       0       0       0       0       0       0       0       0       0       0       0       0       0       0       0       0       0       0       0       0      1044
32 (9-4-0-0):        0       0       0       2       1       1       3       9      11       8      10      13       8       8       7       5       3       2       0       1       0       0       0       0       0       0       0       0       0       0       0       0       0       0       0       0       0       0       0       0       0        92
33 (10-1-1-1):       0       1       0       0       1       2       3       4       2       6       6       2       3       2       4       1       1       1       1       0       0       0       0       0       0       0       0       0       0       0       0       0       0       0       0       0       0       0       0       0       0        40
34 (10-2-1-0):       0       0       0       1       6       3      12       7      14      16      17      10      18      11       9       2       3       2       1       0       0       0       0       0       0       0       0       0       0       0       0       0       0       0       0       0       0       0       0       0       0       132
35 (10-3-0-0):       0       0       0       0       0       1       0       0       0       3       0       2       0       1       1       0       0       0       0       0       0       0       0       0       0       0       0       0       0       0       0       0       0       0       0       0       0       0       0       0       0         8
36 (11-1-1-0):       0       0       0       0       0       0       0       0       0       0       0       0       0       0       0       0       0       0       0       0       0       0       0       0       0       0       0       0       0       0       0       0       0       0       0       0       0       0       0       0       0         0
37 (11-2-0-0):       0       0       0       0       0       0       0       0       0       0       0       0       0       0       0       0       0       0       0       0       0       0       0       0       0       0       0       0       0       0       0       0       0       0       0       0       0       0       0       0       0         0
38 (12-1-0-0):       0       0       0       0       0       0       0       0       0       0       0       0       0       0       0       0       0       0       0       0       0       0       0       0       0       0       0       0       0       0       0       0       0       0       0       0       0       0       0       0       0         0
39 (13-0-0-0):       0       0       0       0       0       0       0       0       0       0       0       0       0       0       0       0       0       0       0       0       0       0       0       0       0       0       0       0       0       0       0       0       0       0       0       0       0       0       0       0       0         0
                 36572   79148  135731  246313  383955  518167  655541  802854  889338  935831  939719  896116  802069  691649  568234  442265  331195  235757  161050  104142   64425   37526   20971   11219    5612    2637    1158     532     187      59      26       1       1       0       0       0       0       0       0       0       0  10000000