2 2 2 11 15 1 2 4 4
1 2 2 11 15 0
6 2 2 16 19 0
6 6 6 16 19 0
7 2 2 20 40 0
7 6 6 20 40 0
4 3 3 12 19 1 0 5 5
3 3 3 12 19 1 1 5 5
5 0 3 12 14 0
6 1 15 8 11 2 0 4 6 1 4 6
5 4 4 12 14 2 3 5 5 0 2 2
5 4 4 12 14 2 2 5 5 1 4 4
7 9 15 8 11 1 0 6 6
7 9 15 8 11 1 1 6 6
9 3 15 8 11 1 0 5 5
8 3 15 8 11 1 1 5 5
10 0 5 20 21 0
6 0 5 22 40 0
6 7 8 21 40 0
6 13 15 21 40 0
6 21 22 21 40 0
6 27 27 21 40 0
7 9 38 21 40 0
3 13 14 17 20 1 1 6 6
2 13 14 17 20 1 2 6 6
1 13 14 17 20 1 3 6 6
4 0 38 12 20 1 0 5 13
3 0 38 12 20 1 1 5 13
1 4 6 12 20 1 3 5 5
1 11 12 12 20 1 3 6 6
1 19 20 12 20 1 3 7 7
2 0 38 12 20 1 2 4 13
1 0 38 12 20 1 3 2 13
14 16 22 6 11 1 0 7 7
13 16 22 6 11 1 1 7 7
12 16 22 6 11 1 2 7 7
11 16 22 6 11 1 3 7 7
19 23 38 6 11 1 0 8 13
18 23 38 6 11 1 1 8 13
17 23 38 6 11 1 2 8 13
16 23 38 6 11 1 3 8 13
99